# Region            : all region0
# Cells             : 112000
# Volume            : 3.500000000000e-02
# Time              	volIntegrate(alpha.water)
0.05                	1.376928219027e-02
0.1                 	1.376928251503e-02
0.15                	1.376928275845e-02
0.2                 	1.376928284641e-02
0.25                	1.376928271870e-02
0.3                 	1.376928217283e-02
0.35                	1.376928131064e-02
0.4                 	1.376928029235e-02
0.45                	1.376927895694e-02
0.5                 	1.376927775158e-02
0.55                	1.376927699608e-02
0.6                 	1.376927685349e-02
0.65                	1.376927749301e-02
0.7                 	1.376927878636e-02
0.75                	1.376928051642e-02
0.8                 	1.376928247735e-02
0.85                	1.376928442963e-02
0.9                 	1.376928616021e-02
0.95                	1.376928756684e-02
1                   	1.376928859609e-02
1.05                	1.376928927936e-02
1.1                 	1.376928963603e-02
1.15                	1.376928966996e-02
1.2                 	1.376928921951e-02
1.25                	1.376928841637e-02
1.3                 	1.376928749321e-02
1.35                	1.376928630627e-02
1.4                 	1.376928535028e-02
1.45                	1.376928493916e-02
1.5                 	1.376928522565e-02
1.55                	1.376928631430e-02
1.6                 	1.376928814348e-02
1.65                	1.376929053924e-02
1.7                 	1.376929328521e-02
1.75                	1.376929613951e-02
1.8                 	1.376929893654e-02
1.85                	1.376930163465e-02
1.9                 	1.376930418614e-02
1.95                	1.376930659152e-02
2                   	1.376930886085e-02
2.05                	1.376931084695e-02
2.1                 	1.376931250571e-02
2.15                	1.376931392395e-02
2.2                 	1.376931493620e-02
2.25                	1.376931555927e-02
2.3                 	1.376931589313e-02
2.35                	1.376931586631e-02
2.4                 	1.376931518413e-02
2.45                	1.376931334377e-02
2.5                 	1.376930977585e-02
2.55                	1.376930383273e-02
2.6                 	1.376929480939e-02
2.65                	1.376928215037e-02
2.7                 	1.376926569851e-02
2.75                	1.376924549549e-02
2.8                 	1.376922186309e-02
2.85                	1.376919552827e-02
2.9                 	1.376916735556e-02
2.95                	1.376913873529e-02
3                   	1.376911127026e-02
3.05                	1.376908632668e-02
3.1                 	1.376906585840e-02
3.15                	1.376905137521e-02
3.2                 	1.376904379831e-02
3.25                	1.376904351363e-02
3.3                 	1.376905075360e-02
3.35                	1.376906454557e-02
3.4                 	1.376908265870e-02
3.45                	1.376910272031e-02
3.5                 	1.376912243900e-02
3.55                	1.376913929139e-02
3.6                 	1.376915075503e-02
3.65                	1.376915515917e-02
3.7                 	1.376915179705e-02
3.75                	1.376914016652e-02
3.8                 	1.376912151970e-02
3.85                	1.376909764945e-02
3.9                 	1.376907101155e-02
3.95                	1.376904445900e-02
4                   	1.376901980029e-02
4.05                	1.376899914752e-02
4.1                 	1.376898351842e-02
4.15                	1.376897288478e-02
4.2                 	1.376896653827e-02
4.25                	1.376896344862e-02
4.3                 	1.376896262905e-02
4.35                	1.376896320437e-02
4.4                 	1.376896453568e-02
4.45                	1.376896633890e-02
4.5                 	1.376896845119e-02
4.55                	1.376897060003e-02
4.6                 	1.376897232616e-02
4.65                	1.376897292923e-02
4.7                 	1.376897152402e-02
4.75                	1.376896732469e-02
4.8                 	1.376895999601e-02
4.85                	1.376894987461e-02
4.9                 	1.376893801174e-02
4.95                	1.376892595533e-02
5                   	1.376891535661e-02
5.05                	1.376890729795e-02
5.1                 	1.376890189269e-02
5.15                	1.376890008697e-02
5.2                 	1.376890080447e-02
5.25                	1.376890132534e-02
5.3                 	1.376890275234e-02
5.35                	1.376890306655e-02
5.4                 	1.376890154976e-02
5.45                	1.376889766815e-02
5.5                 	1.376889171060e-02
5.55                	1.376888483395e-02
5.6                 	1.376887852792e-02
5.65                	1.376887419359e-02
5.7                 	1.376887206736e-02
5.75                	1.376887145822e-02
5.8                 	1.376887172891e-02
5.85                	1.376887225234e-02
5.9                 	1.376887219754e-02
5.95                	1.376887092405e-02
6                   	1.376886793503e-02
6.05                	1.376886342069e-02
6.1                 	1.376885755586e-02
6.15                	1.376885083249e-02
6.2                 	1.376884434903e-02
6.25                	1.376883901101e-02
6.3                 	1.376883547875e-02
6.35                	1.376883395017e-02
6.4                 	1.376883396684e-02
6.45                	1.376883451083e-02
6.5                 	1.376883454570e-02
6.55                	1.376883316601e-02
6.6                 	1.376882982069e-02
6.65                	1.376882490240e-02
6.7                 	1.376881934528e-02
6.75                	1.376881416082e-02
6.8                 	1.376881004826e-02
6.85                	1.376880697895e-02
6.9                 	1.376880462845e-02
6.95                	1.376880234060e-02
7                   	1.376879959514e-02
7.05                	1.376879650683e-02
7.1                 	1.376879355710e-02
7.15                	1.376879145376e-02
7.2                 	1.376879059926e-02
7.25                	1.376879081407e-02
7.3                 	1.376879139791e-02
7.35                	1.376879157834e-02
7.4                 	1.376879090749e-02
7.45                	1.376878927583e-02
7.5                 	1.376878700412e-02
7.55                	1.376878453378e-02
7.6                 	1.376878210167e-02
7.65                	1.376877969252e-02
7.7                 	1.376877705591e-02
7.75                	1.376877404383e-02
7.8                 	1.376877088335e-02
7.85                	1.376876775159e-02
7.9                 	1.376876490489e-02
7.95                	1.376876255177e-02
8                   	1.376876056238e-02
8.05                	1.376875878518e-02
8.1                 	1.376875723126e-02
8.15                	1.376875607002e-02
8.2                 	1.376875539113e-02
8.25                	1.376875499684e-02
8.3                 	1.376875432116e-02
8.35                	1.376875261112e-02
8.4                 	1.376874951049e-02
8.45                	1.376874547564e-02
8.5                 	1.376874159511e-02
8.55                	1.376873901363e-02
8.6                 	1.376873818018e-02
8.65                	1.376873846090e-02
8.7                 	1.376873856362e-02
8.75                	1.376873710995e-02
8.8                 	1.376873366497e-02
8.85                	1.376872936342e-02
8.9                 	1.376872605610e-02
8.95                	1.376872498894e-02
9                   	1.376872589454e-02
9.05                	1.376872717250e-02
9.1                 	1.376872673633e-02
9.15                	1.376872334074e-02
9.2                 	1.376871788961e-02
9.25                	1.376871264858e-02
9.3                 	1.376870941907e-02
9.35                	1.376870814783e-02
9.4                 	1.376870675751e-02
9.45                	1.376870279946e-02
9.5                 	1.376869487441e-02
9.55                	1.376868391053e-02
9.6                 	1.376867275406e-02
9.65                	1.376866349370e-02
9.7                 	1.376865584502e-02
9.75                	1.376864722765e-02
9.8                 	1.376863435790e-02
9.85                	1.376861545668e-02
9.9                 	1.376859098401e-02
9.95                	1.376856217215e-02
10                  	1.376852876960e-02
10.05               	1.376848807069e-02
10.1                	1.376843578010e-02
10.15               	1.376836786176e-02
10.2                	1.376828188168e-02
10.25               	1.376817641408e-02
10.3                	1.376804944733e-02
10.35               	1.376789616699e-02
10.4                	1.376770849210e-02
10.45               	1.376747674851e-02
10.5                	1.376719120996e-02
10.55               	1.376684212056e-02
10.6                	1.376641824169e-02
10.65               	1.376590439737e-02
10.7                	1.376528018253e-02
10.75               	1.376452173444e-02
10.8                	1.376360225808e-02
10.85               	1.376249199443e-02
10.9                	1.376115795982e-02
10.95               	1.375956324997e-02
11                  	1.375766748098e-02
11.05               	1.375543306992e-02
11.1                	1.375281620392e-02
11.15               	1.374978769952e-02
11.2                	1.374635111059e-02
11.25               	1.374252914987e-02
11.3                	1.373836137943e-02
11.35               	1.373393133077e-02
11.4                	1.372937902806e-02
11.45               	1.372482474551e-02
11.5                	1.372040730081e-02
11.55               	1.371625112173e-02
11.6                	1.371247549251e-02
11.65               	1.370913335461e-02
11.7                	1.370623594504e-02
11.75               	1.370378443387e-02
11.8                	1.370177059571e-02
11.85               	1.370014952150e-02
11.9                	1.369887616920e-02
11.95               	1.369790142795e-02
12                  	1.369718297248e-02
12.05               	1.369666250453e-02
12.1                	1.369628910020e-02
12.15               	1.369602489846e-02
12.2                	1.369583471076e-02
12.25               	1.369568327567e-02
12.3                	1.369553991836e-02
12.35               	1.369538109664e-02
12.4                	1.369518908404e-02
12.45               	1.369495270811e-02
12.5                	1.369466877493e-02
12.55               	1.369434056931e-02
12.6                	1.369397612604e-02
12.65               	1.369359012139e-02
12.7                	1.369320290465e-02
12.75               	1.369283638698e-02
12.8                	1.369251239050e-02
12.85               	1.369225106283e-02
12.9                	1.369206845346e-02
12.95               	1.369197433097e-02
13                  	1.369197221746e-02
13.05               	1.369206264293e-02
13.1                	1.369223644200e-02
13.15               	1.369247399855e-02
13.2                	1.369275443613e-02
13.25               	1.369305619595e-02
13.3                	1.369335606331e-02
13.35               	1.369363137586e-02
13.4                	1.369386464657e-02
13.45               	1.369404441642e-02
13.5                	1.369416691215e-02
13.55               	1.369423519231e-02
13.6                	1.369426056781e-02
13.65               	1.369426380375e-02
13.7                	1.369426893195e-02
13.75               	1.369430044576e-02
13.8                	1.369438199787e-02
13.85               	1.369453253554e-02
13.9                	1.369476316779e-02
13.95               	1.369507507703e-02
14                  	1.369546123762e-02
